4046.097 8113.716 -7.001
6424.360 2770.567 -7.001
3224.348 8566.751 -7.001
40.279 4180.630 -7.002
4511.141 6398.128 -7.002
2892.605 5209.069 -7.002
2374.219 6315.850 -7.002
4524.529 5614.851 -7.002
1402.825 8693.164 -7.003
2987.892 1774.791 -7.004
1730.968 5999.970 -7.004
5662.752 7452.401 -7.004
1789.143 6143.126 -7.004
4604.771 7756.223 -7.005
2015.782 133.878 -7.006
6454.343 2410.983 -7.006
6136.067 3230.993 -7.008
384.081 8921.542 -7.008
1762.404 5242.413 -7.009
8685.495 3814.501 -7.009
8470.139 1321.688 -7.009
5757.504 5812.041 -7.009
2517.638 6411.974 -7.010
7696.825 7084.250 -7.010
1140.557 6321.998 -7.010
5943.791 4916.125 -7.011
5617.411 2192.953 -7.011
2526.164 7601.246 -7.012
1862.759 1463.088 -7.012
2282.008 5226.014 -7.012
161.193 3725.586 -7.013
3176.438 1883.471 -7.013
5160.330 8973.625 -7.013
5311.858 3896.951 -7.014
5615.615 172.955 -7.015
8298.410 6111.718 -7.015
4515.281 2468.159 -7.015
3693.452 1179.363 -7.016
4678.413 6424.083 -7.016
4815.049 4420.910 -7.016
2671.591 7575.959 -7.016
4053.053 1215.446 -7.017
4093.833 8597.670 -7.018
6791.377 1966.466 -7.018
2684.183 1407.415 -7.019
7726.643 1130.928 -7.019
4464.132 1971.252 -7.019
3061.974 1829.386 -7.019
1564.175 8048.964 -7.020
3121.959 8540.216 -7.021
5862.101 2511.802 -7.021
7489.251 2038.736 -7.021
3760.217 645.471 -7.022
7074.365 2693.060 -7.022
8272.460 1171.096 -7.022
6054.582 7083.789 -7.023
8205.286 4501.343 -7.024
4140.045 6249.916 -7.024
7730.507 9341.475 -7.024
4139.291 7744.299 -7.024
5193.771 5998.765 -7.024
2309.935 6431.460 -7.025
7417.660 7512.961 -7.025
1381.288 2891.091 -7.025
555.882 3037.742 -7.026
8662.601 8262.645 -7.026
1558.517 7920.849 -7.026
4330.106 2204.707 -7.026
4656.523 1749.428 -7.027
5636.205 3685.196 -7.027
5108.293 7597.887 -7.028
183.194 6578.250 -7.028
7208.688 2641.553 -7.028
7781.293 1036.766 -7.029
1995.232 1595.024 -7.029
2282.288 6120.427 -7.030
6377.004 157.167 -7.030
3325.233 1762.935 -7.030
7670.313 1181.769 -7.031
1634.490 7667.998 -7.031
4798.005 1967.548 -7.031
2553.081 7485.981 -7.031
7720.450 9344.109 -7.031
4588.904 3195.836 -7.031
649.851 369.534 -7.031
1684.275 1139.525 -7.032
289.227 7477.799 -7.032
2694.503 5777.777 -7.032
4806.239 4050.236 -7.032
2543.965 1568.726 -7.033
1853.714 1253.065 -7.034
5623.249 7197.879 -7.035
1982.346 145.202 -7.036
4691.035 1986.169 -7.037
5665.462 78.227 -7.037
4790.096 8521.956 -7.037
1453.774 6896.995 -7.038
1167.281 5372.238 -7.038
6467.364 3865.554 -7.038
1542.070 781.505 -7.038
5228.178 4829.385 -7.039
525.397 9335.809 -7.039
7692.953 6976.717 -7.040
2148.831 7488.349 -7.040
1918.574 6171.495 -7.041
3360.186 1872.682 -7.042
3930.417 6026.180 -7.042
7150.509 8437.909 -7.042
3454.788 6220.545 -7.042
3629.602 1947.598 -7.043
5189.409 3725.951 -7.043
457.717 4455.736 -7.044
6133.930 2906.060 -7.044
8569.284 8828.121 -7.045
6989.883 3585.835 -7.045
5399.454 3566.130 -7.045
2128.042 6375.729 -7.045
4446.970 6773.010 -7.045
3031.388 5069.280 -7.046
776.176 9320.559 -7.046
3580.111 5997.082 -7.046
4578.513 5.523 -7.046
5968.802 3406.369 -7.047
4185.196 9276.173 -7.049
3745.121 4084.199 -7.049
3686.926 6230.951 -7.050
8639.603 4249.135 -7.050
1533.609 5180.328 -7.050
2114.638 7497.819 -7.050
2368.271 6159.319 -7.050
1650.394 27.644 -7.050
1200.458 2255.884 -7.051
2060.985 1578.179 -7.051
7013.248 2781.401 -7.051
5313.432 9279.679 -7.051
3635.240 5086.579 -7.052
7605.644 1551.213 -7.052
6829.341 8273.939 -7.052
2136.970 1414.669 -7.052
6677.377 7395.742 -7.053
7323.140 3753.475 -7.053
5440.589 3569.836 -7.053
4784.039 1807.073 -7.053
3254.436 8495.277 -7.053
537.718 3690.908 -7.054
1863.731 7963.334 -7.054
8016.643 5328.144 -7.054
2576.205 8807.639 -7.055
7334.548 2395.121 -7.055
2754.425 1388.588 -7.055
2578.514 8859.069 -7.055
2929.298 6085.833 -7.055
7836.705 3728.157 -7.056
5480.629 315.349 -7.056
3354.046 1898.211 -7.056
5630.176 7804.419 -7.056
2423.189 5094.342 -7.056
1581.957 7937.204 -7.057
8633.452 1819.687 -7.057
6489.295 130.041 -7.058
5511.131 3550.600 -7.058
7341.015 701.083 -7.059
450.775 1787.465 -7.059
7226.828 9277.630 -7.060
7327.638 3957.569 -7.061
1802.518 1370.328 -7.061
5813.377 7202.140 -7.061
3430.085 6048.262 -7.062
7940.348 5902.102 -7.062
45.684 4632.115 -7.062
3911.396 748.842 -7.062
5434.027 3589.403 -7.063
4630.771 1988.241 -7.063
6386.729 9193.471 -7.063
5482.764 7310.355 -7.063
1423.551 6811.375 -7.064
5552.909 9303.309 -7.064
3119.417 8572.597 -7.064
6932.564 9271.234 -7.065
5558.480 9320.122 -7.065
2402.816 5123.583 -7.066
4879.234 8188.796 -7.066
7456.789 7580.585 -7.067
3957.925 9353.099 -7.067
7796.501 7305.516 -7.068
1560.243 4900.231 -7.068
5920.596 3407.957 -7.068
7517.950 2014.158 -7.068
4801.683 8936.230 -7.068
4759.895 4172.545 -7.069
7103.509 4081.437 -7.070
7238.419 2517.511 -7.070
6858.338 5150.894 -7.070
694.980 8363.319 -7.071
4735.948 9390.735 -7.071
7534.444 870.626 -7.071
8512.057 1879.369 -7.071
83.604 6957.789 -7.072
3314.799 7580.131 -7.073
2337.251 2685.461 -7.073
198.496 7441.412 -7.073
7993.986 5552.966 -7.074
8543.798 2027.877 -7.074
7221.844 7107.969 -7.075
7206.910 9284.934 -7.075
5767.708 8205.160 -7.075
5723.152 7221.543 -7.077
5775.267 2536.214 -7.079
1914.511 536.269 -7.080
3559.344 4682.167 -7.080
2296.066 6145.699 -7.081
3646.822 6363.025 -7.081
7575.878 1866.803 -7.081
2246.612 6057.195 -7.081
1916.400 7594.171 -7.081
3184.279 8535.415 -7.082
249.800 23.714 -7.082
5942.130 243.452 -7.083
6312.069 3084.744 -7.083
8.704 6071.509 -7.085
5463.370 262.568 -7.085
4845.678 51.000 -7.085
8101.788 1929.847 -7.085
1415.949 8448.974 -7.085
4484.641 6046.854 -7.086
2562.260 6153.714 -7.086
7691.892 4931.558 -7.086
8631.207 4295.137 -7.087
3690.515 1640.977 -7.087
3157.068 8864.497 -7.088
4848.730 4125.144 -7.088
2815.061 5004.532 -7.088
3120.710 6349.339 -7.088
7324.708 3978.200 -7.088
1877.317 6059.970 -7.089
4274.381 5610.361 -7.089
5809.516 7136.731 -7.089
8096.561 2312.395 -7.089
3484.185 33.998 -7.089
6137.164 8130.171 -7.090
1276.677 4735.986 -7.090
4484.872 4259.106 -7.091
4530.686 1924.538 -7.091
8279.136 7419.459 -7.092
6736.699 9262.585 -7.092
714.184 4857.243 -7.093
6130.681 3502.991 -7.093
3588.899 5873.409 -7.093
1245.096 4533.724 -7.093
8150.986 3643.268 -7.093
8772.940 5030.556 -7.094
1490.720 8488.616 -7.094
5543.761 3450.784 -7.094
2939.319 7642.611 -7.095
7323.999 2250.336 -7.095
6945.659 3520.381 -7.096
3132.915 6406.558 -7.096
8766.118 5301.929 -7.096
492.239 2158.204 -7.096
3517.065 7654.565 -7.096
1867.320 1346.170 -7.097
3294.204 6565.722 -7.097
2953.463 1133.168 -7.097
5945.749 4867.310 -7.097
6131.973 8118.573 -7.098
6184.519 337.383 -7.099
6695.684 3552.477 -7.100
1373.752 633.140 -7.101
7086.769 2714.534 -7.101
2614.700 6308.998 -7.102
8489.444 2253.766 -7.102
2934.992 5186.895 -7.103
5289.615 9389.760 -7.103
5294.069 3869.218 -7.103
574.423 8662.509 -7.103
6207.138 2283.396 -7.104
5740.453 7360.520 -7.105
5177.310 4560.171 -7.105
10.013 5230.423 -7.105
7398.278 7468.821 -7.106
4404.843 7255.855 -7.107
2979.947 236.817 -7.107
7071.590 5895.965 -7.107
4664.373 9350.049 -7.107
3274.944 5955.844 -7.108
5307.550 3984.519 -7.109
8105.873 2788.864 -7.109
6928.960 9293.533 -7.110
969.037 8641.173 -7.111
7229.571 7375.352 -7.111
6648.553 987.453 -7.111
4240.865 3930.677 -7.112
5882.103 2550.088 -7.112
4104.261 5639.581 -7.112
5924.799 8221.546 -7.112
8273.979 2527.091 -7.113
6205.354 5010.583 -7.113
450.904 1796.072 -7.114
8077.494 6776.445 -7.115
5620.799 6531.618 -7.115
5461.496 127.561 -7.115
5806.365 3424.988 -7.115
2851.815 6131.778 -7.116
6275.007 7743.913 -7.116
6220.026 409.328 -7.116
5325.571 4077.364 -7.116
2964.437 1270.428 -7.116
5718.897 2138.610 -7.116
7586.569 6676.674 -7.118
4406.593 6024.448 -7.118
7062.980 2693.177 -7.118
3726.919 8050.099 -7.118
7396.111 7874.121 -7.119
6185.658 3036.543 -7.119
4235.202 5328.743 -7.119
5702.236 83.923 -7.119
5639.987 161.556 -7.120
5699.383 2403.232 -7.120
5621.386 6400.345 -7.120
3700.165 1182.134 -7.121
186.251 2715.724 -7.121
5933.973 7015.832 -7.122
7681.285 536.307 -7.123
7349.970 4894.703 -7.123
1030.822 3025.336 -7.123
256.493 1339.754 -7.124
1411.144 3953.045 -7.124
8634.781 9437.062 -7.125
8248.039 7702.904 -7.125
4066.071 7797.226 -7.126
2808.887 4587.663 -7.126
4483.469 4206.263 -7.127
6887.417 4415.788 -7.127
4782.564 206.425 -7.127
6949.902 9322.017 -7.127
3423.301 13.881 -7.128
4548.979 6033.648 -7.128
4750.567 9393.585 -7.130
4780.724 4266.587 -7.130
5705.558 1816.810 -7.130
4155.035 9252.437 -7.130
5416.388 9285.583 -7.130
8716.448 2438.731 -7.131
2624.359 5499.290 -7.131
5368.242 7433.106 -7.132
8417.261 7787.860 -7.133
7239.167 7054.277 -7.133
2591.692 1209.515 -7.134
4467.977 6060.496 -7.135
1880.311 6264.455 -7.135
8268.007 2509.278 -7.136
2005.714 7479.966 -7.136
7902.883 6026.371 -7.137
5061.786 6027.669 -7.137
490.692 3107.263 -7.138
2721.150 8189.972 -7.138
8644.874 9425.158 -7.140
8163.259 7101.385 -7.140
8572.462 7789.720 -7.141
8313.400 1937.436 -7.141
8565.715 2248.709 -7.143
4947.949 9397.637 -7.143
4898.410 3765.850 -7.145
2965.358 6254.728 -7.145
1841.595 8538.393 -7.145
224.191 14.454 -7.147
7071.498 3483.711 -7.148
1242.978 3306.851 -7.148
3696.985 7728.962 -7.149
6515.833 3117.908 -7.150
1622.490 4915.154 -7.151
5110.650 8400.790 -7.151
3292.461 3059.430 -7.152
5692.166 6332.016 -7.153
2325.381 6564.647 -7.153
5452.140 1904.112 -7.153
1510.759 2915.202 -7.153
3007.431 1595.537 -7.154
4594.389 5423.135 -7.154
6017.997 3331.000 -7.154
1604.185 904.356 -7.155
3160.331 1749.570 -7.155
2941.381 6496.467 -7.156
1098.222 8284.775 -7.156
3382.229 8617.714 -7.156
1895.434 6279.590 -7.156
689.745 4842.785 -7.157
8737.124 4104.549 -7.157
7951.503 9383.964 -7.157
2541.260 6517.143 -7.158
7749.487 605.493 -7.158
3726.729 7762.943 -7.158
6062.556 7103.625 -7.158
4098.572 7742.225 -7.158
2448.295 5264.808 -7.159
3933.928 5806.957 -7.159
1756.558 1316.560 -7.159
7103.399 4878.988 -7.160
877.742 7646.266 -7.160
8688.970 9388.770 -7.160
6774.375 3206.760 -7.160
6046.942 518.423 -7.161
495.441 1199.268 -7.161
5530.411 3422.945 -7.161
6771.333 2328.796 -7.162
8310.102 7528.937 -7.163
8340.014 8656.506 -7.163
1318.136 7593.219 -7.164
1796.510 5354.827 -7.164
1469.494 8470.452 -7.165
1408.249 8839.802 -7.166
6021.124 4171.918 -7.166
4439.554 5577.583 -7.167
5896.627 3306.524 -7.167
8416.431 1941.615 -7.167
2078.507 7699.656 -7.168
6444.089 121.674 -7.168
3724.400 4794.288 -7.169
6058.121 7148.617 -7.169
3757.990 6411.504 -7.170
3102.051 6290.961 -7.170
7853.290 2364.683 -7.170
2455.697 542.470 -7.171
4951.389 4400.609 -7.171
705.522 7581.926 -7.172
802.271 6059.937 -7.172
4477.804 4063.278 -7.172
6454.694 3155.465 -7.173
4762.271 4307.713 -7.173
5427.426 4566.135 -7.174
7515.263 2029.593 -7.175
5062.727 4500.352 -7.176
7591.735 6204.772 -7.177
3725.674 4799.538 -7.178
4433.906 5826.519 -7.178
3895.567 5697.519 -7.178
5121.965 87.391 -7.179
2400.574 7558.467 -7.180
7000.000 9285.592 -7.180
5756.212 2527.846 -7.180
2273.556 5223.924 -7.181
664.721 3407.168 -7.182
1781.299 6194.343 -7.182
4506.991 4396.984 -7.183
4345.015 8622.763 -7.183
7048.208 275.916 -7.183
280.706 23.062 -7.183
7135.132 7108.148 -7.184
5633.245 773.228 -7.184
3906.952 3833.355 -7.185
740.316 1441.296 -7.185
8699.519 9384.652 -7.186
7037.840 3638.471 -7.186
4982.099 3202.052 -7.187
4304.829 5479.007 -7.187
7075.704 3579.953 -7.188
7401.739 6201.761 -7.188
3309.754 1514.620 -7.189
220.503 5783.491 -7.191
2092.241 3041.867 -7.191
1546.785 2899.707 -7.191
7072.274 2982.624 -7.192
3132.350 6197.583 -7.193
4155.607 1251.362 -7.193
2603.497 7494.497 -7.193
1430.969 2133.477 -7.193
8435.630 2962.959 -7.194
6058.051 3373.622 -7.194
2421.725 5073.249 -7.195
5904.834 9245.519 -7.195
8446.570 2246.511 -7.195
2881.384 6416.199 -7.196
7492.918 5331.749 -7.196
175.678 1967.001 -7.196
5265.882 3856.054 -7.198
8391.237 1090.556 -7.198
4371.661 5622.746 -7.198
5612.433 9091.990 -7.199
1854.167 1503.370 -7.199
4323.118 1687.880 -7.199
2149.004 6480.232 -7.199
6172.121 9383.250 -7.200
3706.118 1604.597 -7.200
8749.368 5440.337 -7.200
6167.843 424.635 -7.201
8580.772 408.611 -7.202
473.936 6881.185 -7.202
4898.941 367.039 -7.203
4057.270 5487.029 -7.203
5636.368 2403.377 -7.204
3336.197 6094.757 -7.204
8407.324 1635.605 -7.204
6414.054 2288.948 -7.204
7672.676 2806.654 -7.204
8643.029 9272.466 -7.205
6921.283 3497.398 -7.206
3686.011 6244.510 -7.206
2884.775 8104.252 -7.207
6844.208 1447.857 -7.207
8481.778 1624.186 -7.208
6305.960 3059.334 -7.208
8193.727 7121.187 -7.208
1668.655 1141.684 -7.209
8312.947 2002.059 -7.210
5713.923 3263.950 -7.211
2216.593 1386.308 -7.211
7895.118 5937.497 -7.211
564.607 3820.239 -7.211
5996.492 3235.363 -7.212
3000.263 6371.185 -7.212
2902.242 8758.649 -7.212
5895.006 4960.983 -7.213
4589.583 3799.794 -7.213
297.824 7597.794 -7.213
8470.661 8681.400 -7.214
4219.245 9006.433 -7.214
5909.806 7205.708 -7.216
4337.283 3982.630 -7.216
6387.633 2624.255 -7.217
1556.580 3142.042 -7.217
7552.053 657.480 -7.218
6283.116 249.993 -7.219
5507.989 3522.536 -7.220
8634.033 7708.756 -7.220
2459.022 27.419 -7.221
4633.087 1767.212 -7.221
1588.961 858.972 -7.223
40.148 8590.716 -7.223
6106.767 2321.207 -7.224
2930.538 1528.930 -7.224
4463.416 8082.229 -7.225
7945.583 1929.946 -7.226
6431.818 3234.907 -7.226
3069.979 6629.426 -7.226
1619.603 6258.802 -7.229
1709.986 7544.616 -7.229
6055.516 2680.034 -7.230
7327.456 4335.441 -7.231
3731.065 6596.423 -7.233
5627.980 4661.955 -7.233
1500.847 420.768 -7.234
5636.231 3401.739 -7.235
7031.096 3707.214 -7.235
5441.903 4461.177 -7.237
4786.563 7742.000 -7.238
5603.270 2175.884 -7.240
18.176 6721.735 -7.240
4453.236 5942.843 -7.240
5174.609 7647.536 -7.241
8265.914 2548.567 -7.242
6592.052 3180.892 -7.242
3738.238 1038.722 -7.244
2114.288 1552.469 -7.244
1411.976 7945.259 -7.244
7055.673 3536.511 -7.245
6844.485 3351.745 -7.245
8652.076 4262.469 -7.247
6350.363 2556.042 -7.247
5025.311 21.900 -7.247
4441.702 5965.729 -7.250
5838.019 379.350 -7.251
6941.782 3255.524 -7.251
1162.471 4706.284 -7.251
4694.658 3851.798 -7.251
6952.759 9299.286 -7.252
2548.872 6196.591 -7.253
1026.480 5889.636 -7.253
1252.177 8749.680 -7.254
1264.737 4527.267 -7.255
1395.776 8459.528 -7.257
8314.577 3330.855 -7.257
8255.140 2028.757 -7.258
7151.747 9287.707 -7.258
3372.374 1761.035 -7.259
7776.743 315.928 -7.260
5915.994 2150.868 -7.260
5730.187 4218.602 -7.260
5983.634 2739.260 -7.260
5783.754 7127.505 -7.261
6047.587 473.658 -7.262
3716.947 4374.577 -7.262
8018.645 1711.565 -7.263
6782.139 6285.184 -7.263
5151.826 1901.928 -7.266
4264.507 7913.975 -7.266
8681.266 9431.123 -7.267
7741.104 7058.298 -7.268
5497.020 7388.070 -7.268
6379.693 3013.163 -7.269
2166.388 4467.753 -7.269
3397.372 522.997 -7.270
3182.897 1750.349 -7.271
5310.727 9179.830 -7.271
4904.890 5494.526 -7.272
1878.911 6100.987 -7.272
2837.388 9225.100 -7.274
7916.492 6107.199 -7.274
7820.906 3737.075 -7.274
6267.099 2423.062 -7.276
6099.503 3057.063 -7.278
3574.579 8749.197 -7.279
3415.412 7511.341 -7.279
4514.007 9384.434 -7.279
6314.326 7708.128 -7.279
6626.240 436.194 -7.279
3523.193 3162.134 -7.280
7323.352 2545.202 -7.283
7411.685 6165.524 -7.283
7970.832 5511.166 -7.284
7554.895 447.797 -7.284
5736.142 3370.474 -7.285
6788.496 193.797 -7.286
2443.956 5902.638 -7.286
2373.576 6033.567 -7.287
1990.239 6219.796 -7.287
8003.595 5128.534 -7.287
968.533 2170.408 -7.287
5427.459 3614.585 -7.289
6238.794 8065.569 -7.289
1707.640 1460.861 -7.290
846.801 7706.490 -7.291
2390.510 6344.577 -7.291
1562.327 7926.572 -7.291
6870.780 3295.117 -7.291
7080.978 343.085 -7.294
4000.021 5900.012 -7.295
5872.507 2215.183 -7.295
2603.773 1634.178 -7.295
1550.756 2810.263 -7.296
351.541 1060.268 -7.297
5851.549 2175.979 -7.297
4256.011 1628.784 -7.299
6049.343 3285.349 -7.300
1813.569 2919.073 -7.302
3755.437 7860.465 -7.304
1570.431 2824.713 -7.305
8551.813 1526.456 -7.305
921.344 810.926 -7.305
4257.335 5157.154 -7.305
1429.977 2561.257 -7.305
2986.444 7710.670 -7.306
5782.209 4846.531 -7.307
6201.712 2196.090 -7.308
6254.981 2985.472 -7.308
5261.549 4466.967 -7.308
3279.542 7615.791 -7.310
5731.605 8289.878 -7.310
3569.717 1819.466 -7.310
3412.410 3842.608 -7.311
658.292 385.985 -7.311
5623.020 100.106 -7.312
3050.098 1924.834 -7.312
2272.671 3861.121 -7.312
1577.035 2795.723 -7.314
6563.806 5807.182 -7.314
8630.583 7216.478 -7.316
3857.956 5335.911 -7.316
4247.951 5848.098 -7.317
8222.354 3403.744 -7.318
8743.132 9301.690 -7.318
8531.644 7706.398 -7.318
2290.676 6049.245 -7.318
5703.292 3361.625 -7.319
7123.570 7904.413 -7.319
3438.712 7471.631 -7.320
7422.822 5770.485 -7.320
6131.262 1233.095 -7.320
5245.812 4599.621 -7.321
2406.467 6305.754 -7.322
5035.689 1942.712 -7.322
2789.442 1647.008 -7.322
2902.609 7817.531 -7.323
5428.356 2134.385 -7.323
6492.666 3000.841 -7.323
8425.634 7767.915 -7.324
7768.182 3513.533 -7.324
8354.318 8478.293 -7.324
7984.036 6456.328 -7.326
5406.495 3507.613 -7.326
4233.124 5781.643 -7.328
5303.825 9293.980 -7.328
7610.908 5053.234 -7.329
16.734 6421.101 -7.329
3991.386 7695.577 -7.331
2660.825 2875.589 -7.331
1353.116 6971.592 -7.332
6134.259 910.896 -7.334
4541.494 5887.158 -7.338
8624.245 7811.318 -7.338
6736.495 9279.056 -7.339
4433.568 8278.404 -7.339
6445.153 3076.925 -7.341
3895.546 5672.825 -7.341
8627.484 7730.152 -7.341
2723.212 3361.750 -7.341
5928.857 6309.363 -7.342
5011.208 8959.581 -7.344
3735.558 7999.777 -7.344
6229.053 2466.658 -7.344
2217.088 9390.396 -7.345
1666.015 1108.885 -7.345
8126.161 84.761 -7.346
4247.539 8523.761 -7.346
2497.777 5203.366 -7.347
5510.529 3252.871 -7.347
4718.258 9382.418 -7.348
1152.725 4119.035 -7.349
7771.237 9367.793 -7.351
7068.252 6692.890 -7.351
6618.000 8325.483 -7.351
7333.851 4613.698 -7.352
7336.217 1310.291 -7.353
3937.847 6500.512 -7.354
493.487 2941.145 -7.356
4790.456 8381.979 -7.356
5445.067 299.467 -7.356
677.333 6792.120 -7.357
16.344 6697.412 -7.358
25.946 6775.440 -7.358
7300.534 2513.210 -7.358
5482.237 3421.202 -7.360
8092.119 7031.191 -7.360
2679.718 1540.537 -7.361
5783.143 8208.004 -7.362
3897.897 6046.411 -7.363
8619.082 3931.423 -7.367
5453.492 290.137 -7.368
4882.652 8568.804 -7.368
3282.054 8541.403 -7.368
4744.744 3749.871 -7.370
7333.774 514.896 -7.371
3236.119 4769.996 -7.371
5429.066 381.610 -7.372
2531.395 5455.943 -7.373
8651.759 9432.180 -7.373
2820.683 1609.314 -7.378
488.688 6890.960 -7.378
7653.626 9349.630 -7.379
54.472 8130.500 -7.379
5067.663 6037.821 -7.380
5081.650 4169.480 -7.380
6073.254 3215.601 -7.381
6170.284 3442.114 -7.381
1486.248 8552.678 -7.382
2463.240 5092.377 -7.382
2437.531 3414.249 -7.383
1283.647 3321.967 -7.383
5689.528 31.228 -7.385
2108.162 4173.460 -7.387
5936.234 9369.360 -7.387
4935.285 4447.850 -7.387
7279.268 2511.014 -7.388
7284.480 7281.433 -7.389
4670.522 1789.635 -7.392
1446.191 6894.590 -7.392
4119.453 3543.312 -7.396
3566.069 1261.287 -7.397
1685.831 7541.761 -7.398
5601.558 7252.473 -7.398
8685.248 9380.492 -7.399
3763.204 1156.439 -7.399
2934.833 6311.566 -7.400
5231.238 9391.018 -7.402
565.827 5928.943 -7.404
6659.749 679.993 -7.404
5752.442 3343.980 -7.405
5291.876 9066.565 -7.406
5039.221 9414.710 -7.406
6851.826 3233.644 -7.407
5270.209 9062.946 -7.408
7237.944 6545.676 -7.408
5814.252 2178.075 -7.409
4757.281 555.857 -7.409
5883.704 6669.476 -7.410
8229.903 2116.174 -7.411
6560.855 2748.783 -7.411
2833.115 6421.696 -7.411
6364.470 8118.191 -7.412
6885.835 4409.415 -7.412
4465.920 9180.461 -7.414
1530.706 2877.581 -7.414
6569.357 8184.457 -7.414
2849.487 5988.982 -7.417
6069.813 432.233 -7.418
5486.542 4199.659 -7.419
3067.272 6180.311 -7.421
4359.400 9.318 -7.422
1393.081 8204.602 -7.422
5778.083 2150.916 -7.423
7472.448 2448.283 -7.424
5876.594 132.822 -7.424
4603.276 4312.523 -7.425
1983.979 1623.519 -7.426
7598.868 1292.849 -7.426
6878.744 5147.085 -7.427
3998.548 5653.554 -7.427
1602.042 3436.196 -7.427
6169.511 3427.133 -7.427
6697.961 5449.219 -7.428
2388.028 5879.181 -7.428
5248.180 9389.798 -7.428
8701.757 7019.795 -7.429
71.607 4262.186 -7.432
5414.250 328.516 -7.432
4822.263 4185.817 -7.432
6206.600 7426.347 -7.433
1819.079 6098.164 -7.433
2381.366 5180.795 -7.433
3069.083 6279.627 -7.437
5414.644 9084.584 -7.437
5269.925 8341.314 -7.437
6388.273 9200.118 -7.439
6145.661 7559.044 -7.441
8310.887 1538.341 -7.441
5622.986 3480.348 -7.443
5824.170 4001.910 -7.444
7737.946 2998.228 -7.444
5002.515 3787.618 -7.445
1278.594 2337.713 -7.446
8200.835 3224.356 -7.446
1532.608 5213.813 -7.448
3095.448 7668.933 -7.448
5902.305 4940.050 -7.448
7432.633 9391.265 -7.448
4467.708 3737.958 -7.449
1634.691 6266.365 -7.450
6277.492 2750.952 -7.451
4132.526 5631.347 -7.451
2706.056 8793.573 -7.451
8589.014 2112.035 -7.451
7253.381 2497.657 -7.451
5105.739 7617.598 -7.452
1816.688 516.338 -7.453
7696.170 570.807 -7.454
5931.687 4901.138 -7.454
5187.817 5997.923 -7.454
3131.138 8549.631 -7.455
1396.287 2917.997 -7.455
5571.834 2136.313 -7.456
5774.154 3310.236 -7.457
3871.553 1980.304 -7.458
4337.376 5244.960 -7.459
4624.294 7673.945 -7.459
6939.338 5838.685 -7.459
661.062 8126.124 -7.460
1460.025 4754.950 -7.461
1165.338 1987.858 -7.464
5323.183 9383.193 -7.464
6179.665 448.665 -7.466
8441.274 7673.212 -7.466
3377.738 6121.140 -7.467
6999.439 3618.094 -7.469
4873.142 69.826 -7.469
6526.042 2428.705 -7.470
2825.351 6413.107 -7.471
3160.131 8587.416 -7.471
6429.531 8178.349 -7.472
4879.025 8208.640 -7.472
456.821 8033.674 -7.473
3276.618 4906.283 -7.473
1491.806 269.070 -7.475
2696.653 8823.485 -7.476
4186.963 7169.379 -7.478
5254.859 4583.888 -7.478
2266.346 7512.606 -7.480
7403.460 2220.326 -7.482
5713.576 2355.203 -7.483
7332.252 4882.938 -7.485
2931.135 7696.207 -7.487
7272.249 7200.129 -7.487
458.355 4513.327 -7.489
4176.216 4093.001 -7.490
7575.608 3795.342 -7.491
6746.983 3614.632 -7.493
5308.431 6611.589 -7.495
7822.875 1224.782 -7.496
4827.322 4961.646 -7.496
4051.572 6048.443 -7.497
2080.845 6138.311 -7.497
6267.129 6241.781 -7.497
3853.479 73.227 -7.498
4227.026 5496.505 -7.499
3095.170 5177.928 -7.500
7005.782 465.708 -7.500
888.356 8292.238 -7.500
8750.150 9424.296 -7.500
4361.808 5457.978 -7.501
5907.882 9230.728 -7.503
8538.164 2139.484 -7.504
4657.406 3943.164 -7.506
3167.987 1756.040 -7.506
252.753 7276.180 -7.507
3973.001 6775.276 -7.507
6042.540 3337.424 -7.510
1404.976 2808.093 -7.511
3677.563 4096.516 -7.512
230.227 1840.118 -7.512
5555.472 9313.438 -7.513
7859.173 5178.002 -7.515
5805.521 2579.457 -7.515
2413.294 2511.849 -7.516
4440.225 3330.617 -7.516
5328.623 81.012 -7.517
8241.681 8541.399 -7.517
995.633 2680.473 -7.520
1439.116 2881.395 -7.521
4609.479 5586.946 -7.521
2528.799 2751.939 -7.522
7108.341 4500.448 -7.524
6571.517 7114.197 -7.524
7982.779 5087.545 -7.525
439.971 6894.891 -7.526
3189.444 7683.692 -7.526
926.346 2368.420 -7.528
4751.181 1301.349 -7.528
6152.978 2651.655 -7.529
1856.308 6284.023 -7.529
6256.689 8769.419 -7.530
6059.943 5341.149 -7.531
5688.054 3908.684 -7.532
8688.981 4033.995 -7.533
5414.380 4627.228 -7.533
2214.626 873.945 -7.534
6026.401 3380.807 -7.534
1802.932 6275.003 -7.534
4576.499 6183.978 -7.535
7981.183 7551.863 -7.538
77.629 4594.881 -7.539
7416.840 1251.721 -7.540
6922.314 2742.657 -7.542
7916.704 1293.338 -7.542
3315.367 7685.816 -7.542
5217.939 3644.627 -7.543
8527.977 6800.313 -7.545
5344.719 9074.281 -7.545
5493.268 3312.004 -7.549
3405.158 6896.818 -7.550
4754.696 875.533 -7.556
4436.812 5606.078 -7.556
5075.072 9380.422 -7.556
8430.742 7687.484 -7.557
7657.199 4975.148 -7.560
4808.244 8829.217 -7.560
3741.362 7907.927 -7.560
6583.074 5065.864 -7.561
8565.826 5362.148 -7.561
7323.989 4060.477 -7.562
103.490 4059.727 -7.564
2091.208 94.872 -7.565
7157.380 4798.246 -7.567
5927.610 2636.208 -7.568
5290.323 5838.351 -7.568
5493.171 3291.130 -7.570
3710.764 2844.331 -7.570
2331.780 2279.476 -7.571
5191.406 9050.666 -7.572
1109.644 8702.293 -7.572
7218.409 450.916 -7.573
2175.836 1507.497 -7.576
7083.288 9214.327 -7.578
7226.451 2228.628 -7.580
8096.160 7186.760 -7.581
545.826 3493.480 -7.581
4919.243 5254.149 -7.582
1259.395 4524.142 -7.583
4225.188 8181.681 -7.585
173.192 2719.942 -7.585
5180.802 8956.620 -7.586
5786.248 4803.399 -7.588
7082.595 7175.053 -7.589
6903.160 3264.412 -7.593
6838.963 345.353 -7.594
6391.600 4991.397 -7.597
4786.588 4668.377 -7.597
3956.493 9111.375 -7.598
6316.618 2613.141 -7.600
5357.454 9164.261 -7.600
5294.864 3796.290 -7.602
1795.451 5430.076 -7.602
6104.283 2638.271 -7.604
5818.478 3280.931 -7.604
6317.942 3239.286 -7.604
2731.422 5119.256 -7.608
3148.824 8526.200 -7.610
2292.218 6132.353 -7.610
4452.045 6505.306 -7.611
4816.862 3189.699 -7.611
3185.609 8558.097 -7.611
830.684 6877.218 -7.612
3710.857 693.280 -7.614
6207.581 7150.256 -7.614
5481.920 4735.322 -7.614
6059.756 6012.772 -7.622
62.738 3093.025 -7.622
5639.160 1168.002 -7.623
25.223 8580.780 -7.623
1423.876 2951.723 -7.625
3419.584 3193.365 -7.625
7825.450 2780.600 -7.630
2321.841 6031.877 -7.632
3222.581 6156.374 -7.632
6100.875 3409.624 -7.633
3290.838 6054.084 -7.633
3893.461 5722.207 -7.633
2047.630 6125.916 -7.633
7483.958 5625.526 -7.634
4034.345 5698.628 -7.636
4262.740 3870.569 -7.637
6317.323 7277.927 -7.637
1733.651 5257.339 -7.637
4904.188 9098.572 -7.638
8138.285 5412.717 -7.639
5049.978 5569.095 -7.640
5143.748 5515.231 -7.640
5589.675 7371.432 -7.643
4805.024 635.750 -7.645
7626.971 1523.403 -7.647
26.818 2509.459 -7.647
5053.286 9399.806 -7.649
6789.374 9269.711 -7.649
8312.268 2511.930 -7.653
2098.238 1452.790 -7.653
7475.410 2217.606 -7.655
5636.440 2159.860 -7.655
7738.569 3177.516 -7.657
65.172 1160.995 -7.658
5345.658 3794.630 -7.661
4100.394 5441.587 -7.663
2539.563 3470.783 -7.665
5647.465 6415.655 -7.666
2587.184 8771.342 -7.666
5289.599 4130.733 -7.667
1985.971 6268.885 -7.668
8364.642 7669.381 -7.669
4096.680 5538.735 -7.670
7756.554 1894.039 -7.671
5700.717 729.021 -7.674
8442.670 3959.147 -7.682
661.812 4686.223 -7.682
1838.378 4762.562 -7.684
2607.402 4444.953 -7.688
6590.956 2699.424 -7.688
6775.139 3397.210 -7.689
1676.282 4265.821 -7.691
3570.264 4068.850 -7.695
7398.261 1097.544 -7.696
1332.772 1291.253 -7.698
1366.561 2305.695 -7.700
355.820 8472.826 -7.701
1808.076 5441.253 -7.703
2909.759 6267.977 -7.704
5307.628 80.954 -7.705
1353.819 4032.757 -7.706
1702.215 1358.536 -7.707
4491.803 3847.094 -7.708
8430.041 1469.483 -7.711
3138.822 5747.141 -7.712
6830.884 8334.205 -7.713
5374.253 3793.854 -7.716
1731.735 5700.520 -7.716
6384.265 4987.078 -7.716
5694.670 1673.817 -7.716
8248.646 2042.890 -7.717
2293.198 1533.730 -7.717
4618.056 4296.262 -7.719
5065.396 6018.081 -7.720
8151.024 5378.376 -7.720
2031.484 354.112 -7.721
7742.553 9086.894 -7.723
7174.730 4786.161 -7.724
3362.449 8509.250 -7.727
6555.551 8159.833 -7.729
7419.542 8536.494 -7.730
4382.049 4031.717 -7.731
5956.506 1316.731 -7.731
7338.990 1111.603 -7.733
14.745 4682.022 -7.733
2969.319 1274.983 -7.733
5468.417 5662.414 -7.734
5120.304 7610.445 -7.735
196.048 2492.915 -7.737
7092.424 5970.878 -7.739
3384.454 18.902 -7.740
6601.104 1988.932 -7.742
4883.354 1071.124 -7.746
1713.850 1465.480 -7.746
7271.074 7215.859 -7.747
1730.932 1267.669 -7.748
6520.896 8215.645 -7.750
2725.299 1950.930 -7.751
2522.052 6161.327 -7.751
3379.647 7610.211 -7.752
2866.170 4901.155 -7.756
4789.589 6139.234 -7.756
2158.108 3490.675 -7.757
3151.008 7697.722 -7.757
7838.101 6.237 -7.765
3614.281 5553.590 -7.765
4390.931 8184.861 -7.770
7165.716 4794.231 -7.771
7305.090 8874.083 -7.772
7941.990 6198.344 -7.773
6633.500 2291.374 -7.775
7949.914 5956.228 -7.778
3928.051 2014.595 -7.779
2426.179 64.045 -7.782
8558.504 7720.169 -7.783
2080.302 7681.853 -7.784
158.934 7513.604 -7.785
4278.724 5072.946 -7.786
8093.643 1079.689 -7.787
3763.588 4345.926 -7.790
6307.414 1020.808 -7.792
8660.862 9413.669 -7.792
7081.019 3373.244 -7.794
2504.566 1593.103 -7.795
3076.928 6225.452 -7.795
5099.706 8382.046 -7.796
64.338 5206.846 -7.798
4675.396 9208.236 -7.799
841.213 5252.791 -7.803
6903.688 2698.763 -7.805
2959.232 744.298 -7.808
6467.067 9286.267 -7.809
7805.038 8878.988 -7.814
7571.960 190.769 -7.815
3807.436 2218.201 -7.816
6993.918 7463.075 -7.817
8120.438 2897.887 -7.818
6462.501 492.568 -7.820
4368.492 5386.655 -7.820
735.330 8832.200 -7.820
1448.832 5004.751 -7.825
5229.369 9056.890 -7.830
9.411 120.308 -7.832
3383.485 4735.295 -7.836
2945.979 2181.696 -7.837
289.498 1997.649 -7.838
3511.441 3293.462 -7.842
8104.723 1660.175 -7.845
2776.826 6898.870 -7.847
7906.274 4408.641 -7.850
6778.749 2338.350 -7.851
1897.535 3908.822 -7.854
947.950 5621.369 -7.855
6796.638 9291.104 -7.856
7185.418 393.664 -7.861
7502.867 4482.056 -7.862
1452.256 4899.021 -7.866
5380.034 9079.795 -7.866
8145.710 7073.790 -7.868
3355.379 3144.980 -7.870
3838.348 1914.925 -7.871
1248.096 1460.770 -7.874
2436.893 5976.487 -7.877
1177.122 8014.359 -7.881
4164.923 8293.687 -7.883
5841.502 5113.295 -7.886
932.730 812.007 -7.887
7345.124 8350.695 -7.887
1525.310 2819.742 -7.887
6646.482 1003.799 -7.888
6594.039 1287.221 -7.889
4012.218 5486.627 -7.889
1647.968 1933.879 -7.891
5037.837 3247.210 -7.892
7290.412 1589.585 -7.893
5707.404 1799.001 -7.894
99.927 3780.729 -7.899
4902.500 511.144 -7.900
1352.285 5513.881 -7.904
180.995 1842.071 -7.906
257.316 3894.826 -7.908
7107.598 4463.438 -7.908
784.501 2242.699 -7.909
7449.336 1872.749 -7.911
3941.480 9384.090 -7.911
2284.896 7527.727 -7.912
2657.430 6411.170 -7.920
3841.112 9150.595 -7.929
2860.801 6767.001 -7.929
8698.051 9403.836 -7.930
4790.351 8866.729 -7.933
1379.318 5659.082 -7.934
3920.798 6165.949 -7.940
3224.280 7576.438 -7.942
7345.191 983.163 -7.943
3895.461 3825.407 -7.943
4806.188 128.583 -7.943
2900.189 7687.929 -7.948
8090.722 2822.854 -7.951
2518.189 1476.146 -7.952
461.110 888.844 -7.954
7704.449 6832.157 -7.954
1595.238 6478.868 -7.958
2086.801 5591.619 -7.962
5761.028 9138.035 -7.964
4801.112 2762.665 -7.964
1031.838 8335.670 -7.965
2978.968 5164.164 -7.967
1393.631 5477.465 -7.969
8522.104 1828.285 -7.971
2688.937 3860.005 -7.975
8601.767 8322.772 -7.977
4561.653 4060.923 -7.979
8101.899 1515.556 -7.984
5593.537 8237.692 -7.991
6617.148 99.857 -8.000
718.901 6812.830 -8.000
904.774 5131.453 -8.004
8710.961 9374.050 -8.005
7195.793 9391.198 -8.007
1759.289 6457.281 -8.009
1288.364 1641.916 -8.011
8184.182 4238.563 -8.013
1459.607 3426.905 -8.018
2826.384 4997.980 -8.019
4838.350 4031.662 -8.025
8183.941 3581.577 -8.029
1794.402 1149.033 -8.032
3008.870 6480.353 -8.040
5083.512 6018.939 -8.041
802.300 4543.382 -8.041
44.017 8134.258 -8.042
5672.842 1061.012 -8.047
5560.271 2713.042 -8.050
4579.727 3401.774 -8.055
2863.913 5986.438 -8.057
6774.902 9284.443 -8.059
1294.523 2138.538 -8.060
247.886 2869.675 -8.061
3252.806 4247.145 -8.063
3727.472 8501.904 -8.065
6545.273 2815.500 -8.066
524.381 1336.653 -8.066
1557.019 8241.545 -8.070
4972.685 6430.032 -8.070
1446.120 8280.402 -8.070
2515.064 4407.512 -8.072
5937.823 9361.663 -8.073
5354.755 9262.998 -8.077
3682.024 9302.881 -8.081
7510.838 6944.231 -8.081
190.519 4743.413 -8.082
5075.946 9394.344 -8.084
3929.704 1167.768 -8.085
8109.208 4967.229 -8.085
882.704 6699.552 -8.087
6443.534 6119.475 -8.089
7470.529 8729.808 -8.089
3573.094 6177.707 -8.093
8364.244 194.934 -8.095
1284.320 3193.652 -8.097
4866.098 6202.331 -8.098
7487.644 1134.197 -8.099
5565.605 1681.173 -8.099
7774.765 2824.259 -8.100
7756.319 9347.655 -8.102
7274.918 6508.406 -8.103
5081.610 7741.946 -8.108
1851.453 7567.698 -8.111
5695.522 4204.781 -8.112
2087.075 3030.446 -8.114
5896.663 3399.982 -8.116
2243.019 7668.876 -8.116
5854.311 7709.722 -8.120
1235.130 5792.042 -8.122
4466.273 8688.079 -8.124
4491.850 4093.136 -8.128
1082.965 2582.842 -8.130
1974.639 2512.594 -8.133
616.572 8211.970 -8.135
7323.847 6240.741 -8.137
7063.721 2437.946 -8.139
3396.780 6652.001 -8.139
8208.632 5056.535 -8.144
5157.350 9045.394 -8.145
8357.990 78.194 -8.149
2254.918 4307.836 -8.150
7234.656 1250.242 -8.153
1614.137 4674.564 -8.156
8510.902 1581.941 -8.159
2810.655 6680.690 -8.167
2062.626 2679.959 -8.168
1644.955 5923.705 -8.169
1275.731 5038.661 -8.173
3483.062 8825.853 -8.174
826.949 113.916 -8.180
2027.018 6888.408 -8.181
4090.013 6896.404 -8.182
871.211 5120.887 -8.182
7982.355 4590.511 -8.183
4566.440 7888.706 -8.184
4320.359 6382.380 -8.186
654.617 9263.121 -8.188
3795.251 948.953 -8.189
7786.186 3398.158 -8.191
7095.008 340.018 -8.194
3570.646 1077.538 -8.196
5877.611 7707.612 -8.202
2422.666 1236.726 -8.203
3365.989 9379.603 -8.204
8606.524 5797.675 -8.210
2303.625 5584.737 -8.214
1432.430 2902.599 -8.215
350.767 8196.879 -8.219
1318.465 7493.528 -8.225
6773.931 7739.145 -8.226
382.899 1028.036 -8.227
7351.480 4747.601 -8.234
339.008 1419.473 -8.234
7837.037 4015.873 -8.234
758.044 6971.428 -8.244
6382.522 4089.148 -8.248
1535.257 4484.532 -8.250
1535.428 1835.520 -8.252
3053.931 8863.047 -8.255
1762.926 2363.705 -8.256
197.560 7374.637 -8.263
4511.382 817.544 -8.264
934.018 2152.987 -8.266
1714.099 5026.436 -8.268
7719.327 7818.827 -8.270
6632.062 2373.144 -8.271
3318.073 6728.790 -8.277
180.514 2040.248 -8.281
1863.963 1485.377 -8.281
3442.241 6445.727 -8.284
2701.339 7574.360 -8.285
8753.750 4639.018 -8.289
3624.566 5081.052 -8.293
7336.606 4698.560 -8.301
6587.450 1997.895 -8.301
3223.025 2903.289 -8.302
4580.215 4045.703 -8.305
885.836 2458.747 -8.309
3367.304 8321.866 -8.309
1055.350 3049.532 -8.312
2781.673 903.182 -8.319
2655.909 6740.195 -8.320
6269.182 4819.552 -8.320
3077.606 5822.343 -8.321
3723.001 4258.268 -8.322
148.767 6561.710 -8.324
4899.111 237.490 -8.325
7199.661 1136.255 -8.330
7989.297 4112.849 -8.331
5554.533 9330.342 -8.334
3268.537 7993.770 -8.341
3335.354 7290.849 -8.347
211.900 6591.647 -8.348
341.382 8681.090 -8.350
6132.839 7035.481 -8.355
7153.791 2466.418 -8.356
2488.095 4198.775 -8.356
238.153 5883.352 -8.357
3484.438 7584.195 -8.364
8626.579 2138.853 -8.367
528.726 3346.152 -8.368
987.413 702.786 -8.381
4071.409 6358.449 -8.382
3771.383 8706.365 -8.384
1024.029 1560.532 -8.384
448.726 888.833 -8.388
7166.652 4600.134 -8.390
6289.836 2525.795 -8.390
1075.096 611.683 -8.392
5506.904 112.312 -8.394
7731.337 6899.654 -8.394
1983.168 6526.277 -8.395
8040.643 1428.546 -8.399
4455.661 2286.597 -8.402
5124.783 1519.894 -8.404
5508.486 6419.625 -8.405
4659.038 1823.561 -8.416
1822.301 2016.967 -8.417
3928.531 7045.192 -8.420
7583.289 4364.249 -8.422
5459.773 6322.851 -8.434
5873.822 6590.320 -8.437
6729.143 8333.409 -8.439
6132.467 3592.015 -8.440
6614.234 578.435 -8.442
6164.800 532.639 -8.442
1579.390 203.827 -8.444
121.951 3311.716 -8.444
2518.578 3032.670 -8.448
7236.882 7511.238 -8.452
3678.943 3593.107 -8.458
564.338 2419.377 -8.466
260.640 7609.796 -8.467
6986.050 5811.820 -8.474
2202.570 3018.925 -8.478
4072.998 5637.173 -8.481
5138.328 8314.142 -8.483
8707.149 2460.610 -8.484
7321.482 2209.267 -8.488
326.039 871.060 -8.488
4343.208 4469.117 -8.488
7041.739 9281.490 -8.494
6508.077 2176.286 -8.496
1247.809 1266.526 -8.497
6456.066 7354.349 -8.498
5748.232 5989.186 -8.503
4374.587 1849.902 -8.504
3429.497 3003.726 -8.510
1167.303 8276.642 -8.516
7803.987 2165.155 -8.522
6344.187 6919.146 -8.523
1425.339 2554.141 -8.523
7529.908 5481.933 -8.524
3111.721 3374.083 -8.528
4078.083 2070.885 -8.529
5865.901 7722.923 -8.529
4860.683 8831.065 -8.536
6527.685 8867.343 -8.538
313.973 6787.243 -8.542
4604.704 4014.712 -8.546
2846.869 4944.853 -8.547
5355.617 1804.733 -8.548
30.803 6505.330 -8.548
7748.977 2697.826 -8.550
278.791 2955.918 -8.555
8675.018 2269.888 -8.557
6927.517 1748.112 -8.558
650.840 8309.412 -8.561
5479.865 9188.603 -8.563
7290.521 8408.850 -8.564
4418.610 3896.330 -8.564
5025.333 8550.495 -8.567
4334.625 6484.376 -8.579
8549.003 9240.757 -8.581
6434.320 2235.500 -8.582
7646.931 3868.601 -8.589
5085.306 6035.238 -8.593
6676.569 7653.292 -8.594
1159.203 1667.701 -8.598
4304.338 4021.195 -8.599
978.089 2512.496 -8.601
122.105 6201.556 -8.604
3953.695 6010.763 -8.606
5721.641 7516.320 -8.609
6399.953 2469.754 -8.614
4664.169 6123.535 -8.615
216.680 9035.597 -8.632
7149.841 4344.889 -8.638
7860.289 5515.711 -8.638
6442.688 3829.628 -8.641
8790.988 7376.738 -8.644
7176.066 6848.091 -8.645
8768.080 4177.010 -8.645
4243.397 7516.680 -8.649
2461.692 3099.113 -8.650
249.165 5233.949 -8.650
7184.557 8500.345 -8.652
6055.743 7393.505 -8.661
8673.418 9409.077 -8.662
509.640 8318.833 -8.664
5234.369 7854.051 -8.683
3257.034 3575.702 -8.687
3035.820 5015.728 -8.688
7115.923 8357.283 -8.690
7738.468 8920.759 -8.695
8639.266 270.997 -8.698
2468.406 1319.971 -8.700
5706.399 9061.554 -8.704
3387.598 5699.469 -8.710
459.304 2705.262 -8.713
5394.387 9142.930 -8.715
1246.273 3589.957 -8.722
8562.783 8288.589 -8.725
798.794 6361.896 -8.726
7506.779 8140.337 -8.726
7498.437 3514.065 -8.727
7604.852 1279.229 -8.734
6034.288 3550.333 -8.739
6248.935 3650.367 -8.740
3868.569 9167.980 -8.744
6025.669 5831.402 -8.748
2762.711 6390.004 -8.748
8689.429 4092.474 -8.749
3432.884 5226.929 -8.750
7877.931 2836.511 -8.758
2747.022 2805.794 -8.762
6249.524 3279.047 -8.769
2877.397 4021.000 -8.772
4046.464 1538.371 -8.772
6522.324 5012.163 -8.780
6794.306 3452.348 -8.782
6308.115 6444.823 -8.785
6963.117 2897.845 -8.786
540.660 7041.874 -8.788
1364.792 2731.796 -8.788
7537.305 5048.368 -8.789
7785.324 774.929 -8.794
513.693 2570.212 -8.795
2302.130 5229.426 -8.797
6566.340 6146.439 -8.798
5414.573 7190.999 -8.798
8050.170 2698.730 -8.799
4744.273 1482.942 -8.804
2219.373 3003.262 -8.807
4689.934 5763.307 -8.810
786.852 5486.568 -8.810
2728.587 5090.811 -8.825
4601.125 5686.547 -8.827
5810.262 3760.741 -8.827
8734.193 1400.664 -8.831
3056.278 9112.686 -8.832
7112.675 5840.900 -8.833
4902.428 7103.274 -8.838
2972.151 775.297 -8.839
2939.226 6626.133 -8.844
210.535 452.858 -8.845
1431.846 8979.910 -8.846
4562.673 649.324 -8.846
2613.452 2185.005 -8.853
8334.449 1290.918 -8.854
761.638 4191.951 -8.855
2362.246 2517.873 -8.858
1598.391 5086.440 -8.860
6979.076 6657.313 -8.863
5725.082 9172.292 -8.864
5774.238 5195.662 -8.867
4904.625 3967.951 -8.870
933.546 3432.559 -8.874
2815.977 3826.121 -8.877
1592.942 1722.916 -8.880
942.705 5983.819 -8.880
8333.390 3180.733 -8.881
7521.219 212.611 -8.884
6445.763 2305.836 -8.897
4094.586 7076.378 -8.897
965.093 1784.094 -8.898
4631.151 6742.705 -8.901
8316.279 1536.895 -8.908
833.878 4105.412 -8.910
5875.694 3781.061 -8.919
3396.356 6689.325 -8.919
6075.539 6567.681 -8.921
7991.540 945.076 -8.925
5117.555 1752.042 -8.927
3694.226 5150.358 -8.930
2071.725 964.019 -8.931
3359.931 1477.256 -8.936
2146.510 4155.331 -8.942
4623.667 8543.612 -8.943
7812.963 8698.181 -8.945
7827.809 5472.226 -8.946
183.072 734.338 -8.946
2359.657 6335.019 -8.950
8209.196 4033.883 -8.951
4508.962 31.062 -8.953
1809.918 5663.511 -8.956
8383.939 1544.855 -8.956
8451.526 2328.986 -8.957
7585.520 1712.231 -8.958
7076.054 8882.964 -8.959
3133.452 628.266 -8.964
1731.333 3480.813 -8.965
1255.881 2027.705 -8.967
8650.401 6967.035 -8.970
822.182 291.041 -8.972
3500.586 3186.412 -8.975
3274.623 8588.729 -8.979
269.768 1591.953 -8.981
2222.309 1340.650 -8.981
8498.444 9146.418 -8.982
701.193 148.599 -8.992
3020.395 5821.186 -8.993
3335.859 6271.695 -8.998
3112.221 613.844 -9.007
2601.701 3902.342 -9.008
5503.839 2342.113 -9.014
2058.775 2570.166 -9.014
4513.463 3985.842 -9.017
8276.845 3723.871 -9.019
7200.564 8082.954 -9.021
1972.065 3757.643 -9.021
2637.983 666.307 -9.022
6845.395 3075.486 -9.024
2883.263 5180.883 -9.024
5573.099 3639.796 -9.025
6738.371 357.648 -9.028
4646.427 2790.851 -9.036
1068.776 2233.227 -9.042
5515.421 8269.438 -9.047
6835.423 4696.486 -9.048
800.366 9074.354 -9.058
5822.967 7377.600 -9.058
7284.379 1794.016 -9.059
6522.703 5125.183 -9.064
3432.214 3572.470 -9.065
1685.209 2210.078 -9.065
354.645 2640.236 -9.074
987.189 5018.972 -9.074
2838.037 1341.124 -9.076
8299.688 8201.562 -9.081
5897.004 8709.241 -9.081
7489.557 8978.294 -9.082
5972.294 4773.625 -9.088
5546.725 2927.628 -9.091
5196.182 2224.971 -9.095
4457.379 3238.000 -9.097
4543.849 5056.914 -9.102
2649.221 5927.661 -9.103
8508.891 6433.351 -9.106
195.636 8158.748 -9.107
4961.047 3056.396 -9.110
584.286 8873.654 -9.112
7830.567 863.471 -9.114
6064.218 9159.559 -9.117
8534.923 1923.184 -9.118
3334.345 2118.951 -9.124
1715.620 6315.631 -9.124
2106.809 9370.376 -9.128
624.105 5130.915 -9.128
4058.535 7456.223 -9.135
7824.802 7856.710 -9.139
1996.664 680.549 -9.144
4752.808 4266.263 -9.148
1180.266 2318.814 -9.149
1259.135 2411.134 -9.153
2839.306 1310.495 -9.157
5101.260 1224.292 -9.157
6206.876 2909.105 -9.167
5027.914 8849.410 -9.174
1734.456 1923.792 -9.175
5345.604 3643.345 -9.175
4814.344 2633.527 -9.177
7871.515 1307.982 -9.181
1896.626 1213.306 -9.185
8764.227 8491.030 -9.195
5984.703 4543.036 -9.195
5217.519 8279.962 -9.196
1821.068 6353.251 -9.196
4722.475 7867.590 -9.196
6587.458 8248.378 -9.204
1788.547 4884.058 -9.213
3640.118 8813.444 -9.214
2168.428 3886.805 -9.219
240.467 2944.253 -9.222
3342.362 1060.264 -9.228
4115.764 8604.360 -9.229
5634.458 7458.158 -9.231
3173.494 2898.839 -9.236
5313.239 3331.191 -9.240
6462.693 6428.562 -9.245
3005.363 1668.595 -9.246
3813.275 4266.269 -9.259
1593.690 5005.242 -9.262
8131.266 2061.307 -9.275
7009.883 7194.805 -9.287
5977.289 3051.712 -9.296
4689.922 3754.638 -9.296
3246.195 2661.813 -9.299
368.700 3028.400 -9.311
5830.435 8205.062 -9.313
6009.504 4077.375 -9.313
2078.333 5342.853 -9.314
3628.115 6044.897 -9.319
5968.008 2208.326 -9.322
6976.490 7396.110 -9.324
691.840 3381.604 -9.325
1685.046 6562.092 -9.329
7942.228 5595.204 -9.330
7703.406 6353.126 -9.330
4946.356 8024.816 -9.330
8377.284 1787.317 -9.332
2789.955 7664.175 -9.332
4271.267 4038.858 -9.341
5884.140 195.020 -9.342
8769.144 8641.140 -9.349
7212.488 1950.784 -9.351
4170.011 2385.678 -9.361
8245.725 2330.419 -9.366
8388.555 1456.144 -9.371
4961.219 136.002 -9.372
5235.927 4122.935 -9.374
1900.595 3146.413 -9.376
4827.738 1980.176 -9.380
4244.945 1165.608 -9.380
4153.877 7903.125 -9.383
2941.800 3457.102 -9.390
1092.161 5113.403 -9.390
1269.122 2946.726 -9.393
3963.102 8254.482 -9.395
1839.300 9279.782 -9.395
5743.093 1888.454 -9.397
7526.261 1813.352 -9.400
6739.341 7179.889 -9.404
6391.377 8284.449 -9.404
4174.840 6775.277 -9.407
5148.713 5446.714 -9.408
8706.744 8656.071 -9.409
6076.204 7227.219 -9.411
133.019 2850.879 -9.413
500.338 4836.688 -9.414
2398.605 5967.140 -9.416
4129.765 1228.804 -9.419
1988.377 6148.534 -9.428
969.633 6337.808 -9.429
3520.590 46.001 -9.429
4656.128 3361.208 -9.435
2075.578 6849.120 -9.435
7009.542 7849.247 -9.436
7337.792 4742.610 -9.439
5658.519 6394.060 -9.441
3585.990 3532.424 -9.441
6747.302 8753.155 -9.441
1050.253 2246.021 -9.454
3913.355 1775.137 -9.455
4536.720 7137.304 -9.457
8589.816 8255.124 -9.463
1261.035 7328.872 -9.472
5735.656 2372.447 -9.475
591.784 3731.274 -9.478
4807.828 4534.698 -9.499
2081.403 2960.774 -9.500
375.953 8899.748 -9.502
7164.442 1843.414 -9.503
4973.258 4337.238 -9.506
3677.336 7627.487 -9.516
7066.027 4786.967 -9.516
104.519 1063.547 -9.516
5580.319 7069.699 -9.518
2098.846 6031.252 -9.518
2259.639 6155.439 -9.523
3833.053 439.583 -9.538
7980.446 1274.841 -9.540
1490.988 4473.656 -9.541
4743.769 7706.574 -9.541
6488.809 6087.413 -9.542
4772.601 5849.828 -9.546
7450.573 5490.851 -9.556
1769.374 3680.720 -9.566
5154.435 8725.466 -9.575
3475.104 6347.762 -9.579
3509.736 3699.680 -9.583
1555.896 3187.326 -9.593
4514.818 5383.771 -9.600
6647.809 1926.947 -9.605
3260.763 3350.731 -9.606
5652.944 621.570 -9.606
1147.974 1884.244 -9.607
6917.282 7473.798 -9.609
6080.260 4994.156 -9.610
6951.768 8714.963 -9.621
5956.955 1542.495 -9.623
3817.493 5820.893 -9.627
620.379 4406.502 -9.628
586.129 3532.498 -9.630
7.900 1984.798 -9.641
4804.221 4690.233 -9.643
2730.647 9019.005 -9.645
3133.807 2243.221 -9.648
8571.968 617.130 -9.656
3013.176 5295.499 -9.659
4288.373 5397.697 -9.659
6131.935 5264.285 -9.661
1825.152 1483.399 -9.662
7627.484 6354.279 -9.671
1595.845 5184.882 -9.673
5810.041 8556.101 -9.678
3748.057 6240.859 -9.707
4257.126 4543.635 -9.725
2407.341 1088.180 -9.732
1491.207 5833.160 -9.745
4960.349 3752.818 -9.749
7303.192 4191.910 -9.756
5686.042 1308.338 -9.761
5786.887 4373.073 -9.761
806.923 3050.628 -9.767
1851.675 1661.000 -9.768
3984.297 5935.344 -9.768
1388.574 1177.653 -9.796
403.156 9307.491 -9.797
2835.669 7943.368 -9.801
3256.047 49.986 -9.810
3308.695 7963.563 -9.811
4404.120 1858.036 -9.814
4425.379 9284.445 -9.823
6561.084 6896.464 -9.826
1456.775 1889.805 -9.829
5099.671 9032.544 -9.831
2267.983 8776.918 -9.835
3655.838 1816.925 -9.837
6145.664 5275.743 -9.839
4860.879 4054.912 -9.846
6271.953 1881.486 -9.855
7058.066 2555.115 -9.858
5621.523 1578.595 -9.862
2510.798 969.632 -9.868
3867.775 7437.232 -9.868
4521.822 6426.688 -9.871
3721.694 8768.938 -9.875
2873.833 4467.653 -9.876
2414.912 4752.648 -9.891
1571.060 3233.119 -9.892
3321.663 5008.071 -9.894
3205.868 5712.419 -9.903
8352.320 3529.967 -9.907
2711.079 5238.901 -9.910
4620.809 1151.738 -9.911
2769.908 928.012 -9.913
8504.627 1042.701 -9.914
1013.121 347.389 -9.921
4888.239 6818.304 -9.922
5031.296 1557.372 -9.922
3737.754 8477.363 -9.924
808.992 2176.506 -9.927
2842.979 7297.138 -9.936
5698.258 2591.411 -9.938
8246.545 2176.325 -9.946
7016.401 8255.855 -9.957
2774.394 3471.611 -9.958
4124.083 136.437 -9.959
8072.775 8430.495 -9.961
3969.542 76.433 -9.976
3041.398 6306.106 -9.986
411.591 9130.905 -9.992
5672.114 8771.682 -9.997
5422.284 3856.761 -10.011
4698.253 7030.431 -10.014
3605.812 1130.396 -10.015
617.470 8342.939 -10.016
604.769 4665.690 -10.016
5190.630 2419.551 -10.021
2291.708 5475.767 -10.031
7550.440 1564.451 -10.037
2477.824 9074.045 -10.041
3428.531 8671.718 -10.045
5824.125 2025.421 -10.046
6936.374 3871.377 -10.047
4735.900 1688.861 -10.056
1768.051 4970.392 -10.065
2494.506 762.830 -10.072
487.573 6347.641 -10.081
3841.723 1761.436 -10.081
8449.529 3622.464 -10.084
2256.940 8789.285 -10.096
2501.501 3717.476 -10.100
2634.863 4300.623 -10.102
7569.349 765.372 -10.102
2565.555 5231.967 -10.103
1604.999 6044.393 -10.122
5038.084 3616.079 -10.142
2566.139 3052.837 -10.149
7965.399 1580.235 -10.159
4092.278 4446.854 -10.167
5618.360 9290.080 -10.168
6898.066 3431.321 -10.170
5294.869 4325.284 -10.180
6934.292 6921.643 -10.185
6655.431 3290.106 -10.194
8402.101 131.744 -10.200
2017.886 5913.285 -10.207
8125.577 7028.707 -10.209
3071.281 1570.598 -10.212
5944.837 8304.348 -10.215
419.758 8959.213 -10.220
840.592 8936.616 -10.225
4602.544 4742.761 -10.238
3832.959 4703.215 -10.239
8571.668 5653.182 -10.248
2465.351 6053.641 -10.258
335.416 5710.174 -10.274
282.033 594.929 -10.274
3186.827 8267.905 -10.305
5436.283 8613.587 -10.306
6517.879 6540.803 -10.307
7400.878 4129.685 -10.309
2988.677 5949.403 -10.309
2598.248 3336.044 -10.335
8435.573 1712.087 -10.336
3443.351 4086.093 -10.350
8732.368 4667.990 -10.356
3965.558 1233.623 -10.357
2175.808 6446.485 -10.357
5242.442 5574.270 -10.371
2872.103 1515.575 -10.373
8156.811 4663.189 -10.375
3621.446 938.038 -10.375
2345.608 8786.667 -10.380
7146.450 3558.533 -10.392
2803.628 2545.096 -10.392
8483.805 924.391 -10.392
907.856 7678.570 -10.413
6469.255 213.618 -10.416
2758.841 2172.295 -10.429
3202.089 3517.347 -10.442
5909.874 497.457 -10.445
5749.675 6880.046 -10.473
6450.548 5202.305 -10.507
676.881 1275.328 -10.508
5777.949 149.940 -10.518
5729.210 4858.393 -10.534
3859.027 7556.702 -10.534
3441.199 7176.424 -10.536
3134.833 7543.254 -10.554
6905.740 4756.516 -10.556
6450.152 2571.456 -10.584
4131.695 3955.829 -10.593
562.211 1774.087 -10.593
5900.244 8648.738 -10.601
6715.178 2714.142 -10.602
6908.139 6366.094 -10.602
7687.220 1743.617 -10.609
3990.075 2979.923 -10.611
7172.828 9007.147 -10.625
6078.272 5853.405 -10.633
6201.286 5342.961 -10.652
1178.282 217.676 -10.663
967.238 1671.613 -10.672
3440.004 6088.273 -10.678
7712.454 3270.650 -10.682
6522.381 2084.739 -10.682
7309.418 6868.535 -10.698
6557.570 2370.563 -10.700
727.768 3015.942 -10.715
6620.800 7173.776 -10.732
5607.175 2679.759 -10.744
2824.743 2513.913 -10.789
6018.035 7246.684 -10.796
5125.516 3597.008 -10.811
6939.869 7780.667 -10.843
5232.237 7595.343 -10.855
5752.322 3814.747 -10.888
4554.908 614.708 -10.904
3215.653 8055.929 -10.914
4796.241 3876.804 -10.923
141.344 4919.282 -10.944
651.557 2910.569 -10.951
7205.876 4904.452 -11.010
5266.559 6498.048 -11.010
8271.443 1562.351 -11.016
8110.444 2675.038 -11.020
3644.137 817.688 -11.033
7893.204 6463.043 -11.050
3914.098 5864.142 -11.056
6764.384 5447.707 -11.070
6780.997 1636.527 -11.106
1593.560 3574.595 -11.107
110.367 4514.479 -11.138
2183.897 1238.669 -11.143
1192.452 1679.543 -11.153
4386.986 5828.012 -11.194
3549.618 5201.933 -11.199
6389.751 350.925 -11.204
7612.991 946.592 -11.214
7355.218 3049.697 -11.231
410.212 3896.909 -11.315
2277.671 5113.288 -11.367
4149.686 1394.130 -11.378
748.457 8340.502 -11.396
1894.597 5795.848 -11.397
865.217 793.010 -11.398
1077.634 3179.381 -11.407
2670.120 6878.169 -11.412
2141.133 8611.220 -11.414
7491.254 1428.596 -11.505
6386.215 6173.354 -11.523
3066.929 5421.960 -11.633
1436.111 2464.473 -11.669
4824.188 5813.511 -11.675
3621.409 1273.771 -11.679
6441.490 4694.506 -11.734
7374.583 8017.735 -11.742
723.940 5866.047 -11.800
279.230 9243.355 -11.886
8529.013 9070.575 -11.995
5398.625 2427.537 -12.049
1335.326 6266.821 -12.132
5750.471 3022.587 -12.319
4125.782 8113.552 -12.512
