4046.097 8113.716
6424.360 2770.567
3224.348 8566.751
40.279 4180.630 
4511.141 6398.128
2892.605 5209.069
2374.219 6315.850
4524.529 5614.851
1402.825 8693.164
2987.892 1774.791
1730.968 5999.970
5662.752 7452.401
1789.143 6143.126
4604.771 7756.223
2015.782 133.878 
6454.343 2410.983
6136.067 3230.993
384.081 8921.542 
1762.404 5242.413
8685.495 3814.501
8470.139 1321.688
5757.504 5812.041
2517.638 6411.974
7696.825 7084.250
1140.557 6321.998
5943.791 4916.125
5617.411 2192.953
2526.164 7601.246
1862.759 1463.088
2282.008 5226.014
161.193 3725.586 
3176.438 1883.471
5160.330 8973.625
5311.858 3896.951
5615.615 172.955 
8298.410 6111.718
4515.281 2468.159
3693.452 1179.363
4678.413 6424.083
4815.049 4420.910
2671.591 7575.959
4053.053 1215.446
4093.833 8597.670
6791.377 1966.466
2684.183 1407.415
7726.643 1130.928
4464.132 1971.252
3061.974 1829.386
1564.175 8048.964
3121.959 8540.216
5862.101 2511.802
7489.251 2038.736
3760.217 645.471 
7074.365 2693.060
8272.460 1171.096
6054.582 7083.789
8205.286 4501.343
4140.045 6249.916
7730.507 9341.475
4139.291 7744.299
5193.771 5998.765
2309.935 6431.460
7417.660 7512.961
1381.288 2891.091
555.882 3037.742 
8662.601 8262.645
1558.517 7920.849
4330.106 2204.707
4656.523 1749.428
5636.205 3685.196
5108.293 7597.887
183.194 6578.250 
7208.688 2641.553
7781.293 1036.766
1995.232 1595.024
2282.288 6120.427
6377.004 157.167 
3325.233 1762.935
7670.313 1181.769
1634.490 7667.998
4798.005 1967.548
2553.081 7485.981
7720.450 9344.109
4588.904 3195.836
649.851 369.534 
1684.275 1139.525
289.227 7477.799 
2694.503 5777.777
4806.239 4050.236
2543.965 1568.726
1853.714 1253.065
5623.249 7197.879
1982.346 145.202 
4691.035 1986.169
5665.462 78.227 
4790.096 8521.956
1453.774 6896.995
1167.281 5372.238
6467.364 3865.554
1542.070 781.505 
5228.178 4829.385
525.397 9335.809 
7692.953 6976.717
2148.831 7488.349
1918.574 6171.495
3360.186 1872.682
3930.417 6026.180
7150.509 8437.909
3454.788 6220.545
3629.602 1947.598
5189.409 3725.951
457.717 4455.736 
6133.930 2906.060
8569.284 8828.121
6989.883 3585.835
5399.454 3566.130
2128.042 6375.729
4446.970 6773.010
3031.388 5069.280
776.176 9320.559 
3580.111 5997.082
4578.513 5.523 
5968.802 3406.369
4185.196 9276.173
3745.121 4084.199
3686.926 6230.951
8639.603 4249.135
1533.609 5180.328
2114.638 7497.819
2368.271 6159.319
1650.394 27.644 
1200.458 2255.884
2060.985 1578.179
7013.248 2781.401
5313.432 9279.679
3635.240 5086.579
7605.644 1551.213
6829.341 8273.939
2136.970 1414.669
6677.377 7395.742
7323.140 3753.475
5440.589 3569.836
4784.039 1807.073
3254.436 8495.277
537.718 3690.908 
1863.731 7963.334
8016.643 5328.144
2576.205 8807.639
7334.548 2395.121
2754.425 1388.588
2578.514 8859.069
2929.298 6085.833
7836.705 3728.157
5480.629 315.349 
3354.046 1898.211
5630.176 7804.419
2423.189 5094.342
1581.957 7937.204
8633.452 1819.687
6489.295 130.041 
5511.131 3550.600
7341.015 701.083 
450.775 1787.465 
7226.828 9277.630
7327.638 3957.569
1802.518 1370.328
5813.377 7202.140
3430.085 6048.262
7940.348 5902.102
45.684 4632.115 
3911.396 748.842 
5434.027 3589.403
4630.771 1988.241
6386.729 9193.471
5482.764 7310.355
1423.551 6811.375
5552.909 9303.309
3119.417 8572.597
6932.564 9271.234
5558.480 9320.122
2402.816 5123.583
4879.234 8188.796
7456.789 7580.585
3957.925 9353.099
7796.501 7305.516
1560.243 4900.231
5920.596 3407.957
7517.950 2014.158
4801.683 8936.230
4759.895 4172.545
7103.509 4081.437
7238.419 2517.511
6858.338 5150.894
694.980 8363.319 
4735.948 9390.735
7534.444 870.626 
8512.057 1879.369
83.604 6957.789 
3314.799 7580.131
2337.251 2685.461
198.496 7441.412 
7993.986 5552.966
8543.798 2027.877
7221.844 7107.969
7206.910 9284.934
5767.708 8205.160
5723.152 7221.543
5775.267 2536.214
1914.511 536.269 
3559.344 4682.167
2296.066 6145.699
3646.822 6363.025
7575.878 1866.803
2246.612 6057.195
1916.400 7594.171
3184.279 8535.415
249.800 23.714 
5942.130 243.452 
6312.069 3084.744
8.704 6071.509 
5463.370 262.568 
4845.678 51.000 
8101.788 1929.847
1415.949 8448.974
4484.641 6046.854
2562.260 6153.714
7691.892 4931.558
8631.207 4295.137
3690.515 1640.977
3157.068 8864.497
4848.730 4125.144
2815.061 5004.532
3120.710 6349.339
7324.708 3978.200
1877.317 6059.970
4274.381 5610.361
5809.516 7136.731
8096.561 2312.395
3484.185 33.998 
6137.164 8130.171
1276.677 4735.986
4484.872 4259.106
4530.686 1924.538
8279.136 7419.459
6736.699 9262.585
714.184 4857.243 
6130.681 3502.991
3588.899 5873.409
1245.096 4533.724
8150.986 3643.268
8772.940 5030.556
1490.720 8488.616
5543.761 3450.784
2939.319 7642.611
7323.999 2250.336
6945.659 3520.381
3132.915 6406.558
8766.118 5301.929
492.239 2158.204 
3517.065 7654.565
1867.320 1346.170
3294.204 6565.722
2953.463 1133.168
5945.749 4867.310
6131.973 8118.573
6184.519 337.383 
6695.684 3552.477
1373.752 633.140 
7086.769 2714.534
2614.700 6308.998
8489.444 2253.766
2934.992 5186.895
5289.615 9389.760
5294.069 3869.218
574.423 8662.509 
6207.138 2283.396
5740.453 7360.520
5177.310 4560.171
10.013 5230.423 
7398.278 7468.821
4404.843 7255.855
2979.947 236.817 
7071.590 5895.965
4664.373 9350.049
3274.944 5955.844
5307.550 3984.519
8105.873 2788.864
6928.960 9293.533
969.037 8641.173 
7229.571 7375.352
6648.553 987.453 
4240.865 3930.677
5882.103 2550.088
4104.261 5639.581
5924.799 8221.546
8273.979 2527.091
6205.354 5010.583
450.904 1796.072 
8077.494 6776.445
5620.799 6531.618
5461.496 127.561 
5806.365 3424.988
2851.815 6131.778
6275.007 7743.913
6220.026 409.328 
5325.571 4077.364
2964.437 1270.428
5718.897 2138.610
7586.569 6676.674
4406.593 6024.448
7062.980 2693.177
3726.919 8050.099
7396.111 7874.121
6185.658 3036.543
4235.202 5328.743
5702.236 83.923 
5639.987 161.556 
5699.383 2403.232
5621.386 6400.345
3700.165 1182.134
186.251 2715.724 
5933.973 7015.832
7681.285 536.307 
7349.970 4894.703
1030.822 3025.336
256.493 1339.754 
1411.144 3953.045
8634.781 9437.062
8248.039 7702.904
4066.071 7797.226
2808.887 4587.663
4483.469 4206.263
6887.417 4415.788
4782.564 206.425 
6949.902 9322.017
3423.301 13.881 
4548.979 6033.648
4750.567 9393.585
4780.724 4266.587
5705.558 1816.810
4155.035 9252.437
5416.388 9285.583
8716.448 2438.731
2624.359 5499.290
5368.242 7433.106
8417.261 7787.860
7239.167 7054.277
2591.692 1209.515
4467.977 6060.496
1880.311 6264.455
8268.007 2509.278
2005.714 7479.966
7902.883 6026.371
5061.786 6027.669
490.692 3107.263 
2721.150 8189.972
8644.874 9425.158
8163.259 7101.385
8572.462 7789.720
8313.400 1937.436
8565.715 2248.709
4947.949 9397.637
4898.410 3765.850
2965.358 6254.728
1841.595 8538.393
224.191 14.454 
7071.498 3483.711
1242.978 3306.851
3696.985 7728.962
6515.833 3117.908
1622.490 4915.154
5110.650 8400.790
3292.461 3059.430
5692.166 6332.016
2325.381 6564.647
5452.140 1904.112
1510.759 2915.202
3007.431 1595.537
4594.389 5423.135
6017.997 3331.000
1604.185 904.356 
3160.331 1749.570
2941.381 6496.467
1098.222 8284.775
3382.229 8617.714
1895.434 6279.590
689.745 4842.785 
8737.124 4104.549
7951.503 9383.964
2541.260 6517.143
7749.487 605.493 
3726.729 7762.943
6062.556 7103.625
4098.572 7742.225
2448.295 5264.808
3933.928 5806.957
1756.558 1316.560
7103.399 4878.988
877.742 7646.266 
8688.970 9388.770
6774.375 3206.760
6046.942 518.423 
495.441 1199.268 
5530.411 3422.945
6771.333 2328.796
8310.102 7528.937
8340.014 8656.506
1318.136 7593.219
1796.510 5354.827
1469.494 8470.452
1408.249 8839.802
6021.124 4171.918
4439.554 5577.583
5896.627 3306.524
8416.431 1941.615
2078.507 7699.656
6444.089 121.674 
3724.400 4794.288
6058.121 7148.617
3757.990 6411.504
3102.051 6290.961
7853.290 2364.683
2455.697 542.470 
4951.389 4400.609
705.522 7581.926 
802.271 6059.937 
4477.804 4063.278
6454.694 3155.465
4762.271 4307.713
5427.426 4566.135
7515.263 2029.593
5062.727 4500.352
7591.735 6204.772
3725.674 4799.538
4433.906 5826.519
3895.567 5697.519
5121.965 87.391 
2400.574 7558.467
7000.000 9285.592
5756.212 2527.846
2273.556 5223.924
664.721 3407.168 
