0.001 0.564
0.193 0.809
0.585 0.480
0.350 0.896
0.823 0.747
0.174 0.859
0.711 0.514
0.304 0.015
0.091 0.364
0.147 0.166
0.989 0.446
0.119 0.005
0.009 0.378
0.532 0.571
0.602 0.607
0.166 0.663
0.451 0.352
0.057 0.608
0.783 0.803
0.520 0.302
0.876 0.727
0.956 0.926
0.539 0.142
0.462 0.235
0.862 0.210
0.780 0.844
0.997 1.000
0.612 0.392
0.266 0.297
0.840 0.024
0.376 0.093
0.677 0.056
0.009 0.919
0.276 0.273
0.588 0.691
0.838 0.726
0.485 0.205
0.744 0.468
0.458 0.949
0.744 0.108
0.599 0.385
0.735 0.609
0.572 0.361
0.152 0.225
0.425 0.803
0.517 0.990
0.752 0.346
0.169 0.657
0.492 0.064
0.700 0.505
0.147 0.950
0.142 0.905
0.693 0.303
0.427 0.070
0.967 0.683
0.153 0.877
0.822 0.582
0.191 0.178
0.817 0.475
0.156 0.504
0.732 0.406
0.280 0.569
0.682 0.756
0.722 0.475
0.123 0.368
0.835 0.035
0.517 0.663
0.426 0.105
0.949 0.921
0.550 0.346
0.472 0.375
0.847 0.317
0.456 0.272
0.983 0.298
0.739 0.567
0.196 0.761
0.839 0.398
0.501 0.890
0.027 0.995
0.573 0.051
0.531 0.194
0.843 0.627
0.658 0.198
0.842 0.123
0.110 0.743
0.314 0.941
0.286 0.336
0.140 0.733
0.835 0.708
0.600 0.747
0.253 0.144
0.002 0.061
0.806 0.853
0.211 0.116
0.553 0.014
0.114 0.455
0.752 0.686
0.543 0.074
0.437 0.202
0.696 0.290
